precision    recall  f1-score   support

ADJ       0.84      0.90      0.87      1680
ADP       0.96      0.91      0.94      2138
ADV       0.84      0.92      0.88      1159
AUX       0.98      0.94      0.96      1562
CCONJ       0.99      0.99      0.99       777
DET       0.99      0.97      0.98      1924
INTJ       0.60      0.95      0.73        73
NOUN       0.92      0.89      0.90      4354
NUM       0.99      0.97      0.98       385
PART       0.99      0.90      0.95       691
PRON       0.97      0.98      0.98      2190
PROPN       0.86      0.85      0.86      1891
PUNCT       1.00      0.99      1.00      3113
SCONJ       0.75      0.84      0.79       356
SYM       0.67      0.98      0.80        46
VERB       0.91      0.92      0.92      2725
X       0.51      0.93      0.66        84

avg / total       0.93      0.93      0.93     25148
