             precision    recall  f1-score   support

        ADJ       0.72      0.82      0.76       435
        ADP       0.96      0.96      0.96      1246
        ADV       0.85      0.85      0.85       464
        AUX       1.00      1.00      1.00       104
      CCONJ       0.92      0.99      0.96       346
        DET       0.92      0.97      0.94       381
       NOUN       0.91      0.89      0.90      2898
        NUM       0.94      0.93      0.94       425
       PART       0.85      0.95      0.90        55
       PRON       0.96      0.99      0.97       429
      PROPN       0.95      0.91      0.93      2446
      PUNCT       1.00      1.00      1.00      1937
      SCONJ       0.82      0.83      0.83       159
        SYM       0.95      1.00      0.98        40
       VERB       0.93      0.93      0.93      1247
          X       0.00      0.00      0.00         0

avg / total       0.93      0.93      0.93     12612
